user1
[15907,30405,50937,67581]
[16016,30026,51578,61738]
[10526,24937,31184,45331,54571,62134]

user2
[7674,16531,22556,30597,37603,46027,55502]
[16019,29072,49550,63397]
[15174,21807,30322,43091,61083]

user3
[15349,33031,34982,42140,47942,59187]
[44530,58748,74991,85358]
[11113,21328,30485,47446,56670,65531]

user4
[12811,15975,21299,29701,44518,46568,59248]
[16635,29880,47109,62524]
[11213,20900,33953,44765,56341,62514]

user5
[11559,17150,23455,32775,39060,47427,59830]
[18277,28367,49842,62815]
[11142,20669,31125,48349,55162,61804]